00000000
0 P O X0
00000000
;
000000000000
0          0
0   0 0    0
0  O P   0X0
0   0 0    0 
0          0
000000000000
;
0000000
0     0
0  O  0
0  O  0
0  0  000000
0  P   0XXX0
0  O       0
0 0   0    0
000000000000
;
  00000
  0   0
000 O 0000000000000
0   O  0X   0   0X0
0       0     0   0
0         0       0
0P    0     0    00
00000000        0 0
       000000000000
;
0000000000
0      0X0
0   OP   0
0     0 O0
0        0
0   0 X  0
0        0
0000000000
;
000000000000000000
0 X 0   0     0X 0
0                0
0     0  O0      0
0  0   O0   0    0
0   0O  0P0   0  0
0        0   0X  0
00000000000000000
;
   0000000000
   0XX  0   0   
   0XX      0
   0XX  0  0000
  0000000  0  00
  0            0
  0  0  00  0  0
0000 00  0000 00
0  O  00000 0  0
0 0 O  O  0 O  0
0 PO  O   0   00
0000 00 0000000
   0    0
   000000
;
       00000000000
       0   0     0
00000  0     O O 0
0   00000 O00 0 00
0 O 00   0 00 O  0
0 O  POO 0 00OOO 0
00 000   0 00    0
 0 0   000 00000O0
00 0     O  0XXXX0
0  000 00 O 0XXXX00
0 O   O 0   0XXOX 0
0  00 O 0  00XXXX 0
00000   000000XXX00
    00000    00000
;
           00000000
           0XXXXXX0
   0000    0XXXXXX0
   0  000000000XXX0
   0 O   O    0XXX0
   0  0 0 0P0 0   0
00000 0 0 0 0 0   0
0   0 000 000 00 00
0    O 0 O O O 0 0
0 OOO  O   0     0
0   0 000O000O00 0
000 0  O   0     0
 00 O  0 O O O 000
 0  0 000 000 00
 0 O          0
 0  00000000000
 0000		   
;
00000000000000000000
0                000
0 O0   O 00  O    00
0    O000    0 OO 00
0X000     O O 00  00
0XXX0  0  0    0O  0
0XX00OO0000 O  0   0
0XXX0      O 00  000
0XXXO  000  0    0 0
00XX  O0  00   00P 0
000X0              0
  000000000000000000
